rot:
  max: 4.787625464718393
  mean: 4.787625464718393
  median: 4.787625464718393
  min: 4.787625464718393
  num_samples: 2250
  rmse: 4.787625464718396
  std: 0.0
scale:
  max: 2285958816060.347
  mean: 1015981926.6508292
  median: 10.235916681820484
  min: 0.006330146759703226
  num_samples: 2250
  rmse: 48192243307.28404
  std: 48181532724.822914
trans:
  max: 32.07591625210835
  mean: 11.663723075501014
  median: 11.682081270141083
  min: 0.17543383945391258
  num_samples: 2250
  rmse: 13.16468849299979
  std: 6.104636527734167
